{
 "cells": [
  {
   "cell_type": "markdown",
   "metadata": {},
   "source": [
    "## 4.5 선형대수"
   ]
  },
  {
   "cell_type": "code",
   "execution_count": 1,
   "metadata": {},
   "outputs": [],
   "source": [
    "import numpy as np"
   ]
  },
  {
   "cell_type": "code",
   "execution_count": 2,
   "metadata": {},
   "outputs": [],
   "source": [
    "x = np.array([[1., 2., 3.],[4.,5.,6.]])\n",
    "y = np.array([[6., 23.],[-1,7],[8,9]])"
   ]
  },
  {
   "cell_type": "code",
   "execution_count": 3,
   "metadata": {},
   "outputs": [
    {
     "data": {
      "text/plain": [
       "array([[1., 2., 3.],\n",
       "       [4., 5., 6.]])"
      ]
     },
     "execution_count": 3,
     "metadata": {},
     "output_type": "execute_result"
    }
   ],
   "source": [
    "x"
   ]
  },
  {
   "cell_type": "code",
   "execution_count": 4,
   "metadata": {},
   "outputs": [
    {
     "data": {
      "text/plain": [
       "array([[ 6., 23.],\n",
       "       [-1.,  7.],\n",
       "       [ 8.,  9.]])"
      ]
     },
     "execution_count": 4,
     "metadata": {},
     "output_type": "execute_result"
    }
   ],
   "source": [
    "y"
   ]
  },
  {
   "cell_type": "code",
   "execution_count": 5,
   "metadata": {},
   "outputs": [
    {
     "data": {
      "text/plain": [
       "array([[ 28.,  64.],\n",
       "       [ 67., 181.]])"
      ]
     },
     "execution_count": 5,
     "metadata": {},
     "output_type": "execute_result"
    }
   ],
   "source": [
    "x.dot(y)"
   ]
  },
  {
   "cell_type": "code",
   "execution_count": 6,
   "metadata": {},
   "outputs": [
    {
     "data": {
      "text/plain": [
       "array([ 6., 15.])"
      ]
     },
     "execution_count": 6,
     "metadata": {},
     "output_type": "execute_result"
    }
   ],
   "source": [
    "np.dot(x, np.ones(3))"
   ]
  },
  {
   "cell_type": "code",
   "execution_count": 7,
   "metadata": {},
   "outputs": [],
   "source": [
    "from numpy.linalg import inv, qr"
   ]
  },
  {
   "cell_type": "code",
   "execution_count": 8,
   "metadata": {},
   "outputs": [],
   "source": [
    "X = np.random.randn(5,5)"
   ]
  },
  {
   "cell_type": "code",
   "execution_count": 10,
   "metadata": {},
   "outputs": [],
   "source": [
    "mat = X.T.dot(X)"
   ]
  },
  {
   "cell_type": "code",
   "execution_count": 11,
   "metadata": {},
   "outputs": [
    {
     "data": {
      "text/plain": [
       "array([[ 7.38853598e-01, -6.55878041e-02, -4.10946544e-01,\n",
       "        -2.99207662e+00,  8.65897167e-02],\n",
       "       [-6.55878041e-02,  5.13327868e-01,  2.04926270e-02,\n",
       "        -1.28760074e+00, -1.03730299e-01],\n",
       "       [-4.10946544e-01,  2.04926270e-02,  5.70908933e-01,\n",
       "         2.51131875e+00, -1.11106356e-01],\n",
       "       [-2.99207662e+00, -1.28760074e+00,  2.51131875e+00,\n",
       "         2.67436604e+01,  2.24971078e-02],\n",
       "       [ 8.65897167e-02, -1.03730299e-01, -1.11106356e-01,\n",
       "         2.24971078e-02,  1.19688458e-01]])"
      ]
     },
     "execution_count": 11,
     "metadata": {},
     "output_type": "execute_result"
    }
   ],
   "source": [
    "inv(mat)"
   ]
  },
  {
   "cell_type": "code",
   "execution_count": 12,
   "metadata": {},
   "outputs": [
    {
     "data": {
      "text/plain": [
       "array([[ 1.00000000e+00,  1.38777878e-17,  2.22044605e-16,\n",
       "         2.04350425e-15,  0.00000000e+00],\n",
       "       [-1.38777878e-16,  1.00000000e+00,  0.00000000e+00,\n",
       "        -6.86950496e-16,  2.77555756e-17],\n",
       "       [ 5.55111512e-17,  5.55111512e-17,  1.00000000e+00,\n",
       "        -5.27355937e-16,  5.55111512e-17],\n",
       "       [-6.24500451e-17,  1.38777878e-17,  0.00000000e+00,\n",
       "         1.00000000e+00,  1.38777878e-17],\n",
       "       [ 2.22044605e-16,  2.22044605e-16,  4.44089210e-16,\n",
       "         8.88178420e-16,  1.00000000e+00]])"
      ]
     },
     "execution_count": 12,
     "metadata": {},
     "output_type": "execute_result"
    }
   ],
   "source": [
    "mat.dot(inv(mat))"
   ]
  },
  {
   "cell_type": "code",
   "execution_count": 13,
   "metadata": {},
   "outputs": [],
   "source": [
    "q, r = qr(mat)"
   ]
  },
  {
   "cell_type": "code",
   "execution_count": 14,
   "metadata": {},
   "outputs": [
    {
     "data": {
      "text/plain": [
       "array([[-3.93156273, -1.67439833,  0.24367952, -0.55070051,  4.0998101 ],\n",
       "       [ 0.        , -3.43603895, -0.96666426, -0.0690347 , -8.68752673],\n",
       "       [ 0.        ,  0.        , -5.78513717,  0.5541858 , -9.81493434],\n",
       "       [ 0.        ,  0.        ,  0.        , -0.0369797 ,  0.16262563],\n",
       "       [ 0.        ,  0.        ,  0.        ,  0.        ,  4.69148528]])"
      ]
     },
     "execution_count": 14,
     "metadata": {},
     "output_type": "execute_result"
    }
   ],
   "source": [
    "r"
   ]
  }
 ],
 "metadata": {
  "kernelspec": {
   "display_name": "Python 3",
   "language": "python",
   "name": "python3"
  },
  "language_info": {
   "codemirror_mode": {
    "name": "ipython",
    "version": 3
   },
   "file_extension": ".py",
   "mimetype": "text/x-python",
   "name": "python",
   "nbconvert_exporter": "python",
   "pygments_lexer": "ipython3",
   "version": "3.8.4rc1"
  }
 },
 "nbformat": 4,
 "nbformat_minor": 4
}
